tree
version=v4
num_class=1
num_tree_per_iteration=1
label_index=0
max_feature_idx=29
objective=binary sigmoid:1
feature_names=Time V1 V2 V3 V4 V5 V6 V7 V8 V9 V10 V11 V12 V13 V14 V15 V16 V17 V18 V19 V20 V21 V22 V23 V24 V25 V26 V27 V28 Amount
feature_infos=[0:172792] [-56.407509631328999:2.45188848995359] [-72.715727562930297:22.057728990490901] [-33.680984018352497:9.3825584328211402] [-5.6006071412151002:16.8753440335975] [-42.1478983728015:34.801665876668601] [-26.1605059358433:22.5292984665587] [-43.5572415712451:36.677267945403102] [-73.216718455267397:19.587772623440401] [-13.4340663182301:15.5949946071278] [-24.588262437247501:23.7451361206545] [-4.7974734647975703:12.018913181619901] [-18.683714633344302:7.8483920756446004] [-5.7918812063208396:4.5690089585660596] [-19.214325490261398:10.526766051784699] [-4.3913070678049397:5.7845138896294603] [-14.129854517493101:7.05913181057395] [-25.162799369324802:9.2535262504728504] [-9.4987459210467708:5.0410691854118399] [-7.2135274301775896:5.5721133268796903] [-25.222345240529702:39.420904248219898] [-34.8303821448146:27.202839157315399] [-10.933143697655:10.503090089945401] [-44.807735203791303:22.528411689774899] [-2.8366269187034101:4.0163418166926803] [-10.2953970749851:6.0708503840779802] [-2.60455055280817:3.5173456116238002] [-22.565679320782699:12.1524011068287] [-11.7108956394515:33.847807818883098] [0:19656.529999999999]
tree_sizes=2236 2223 2280 2290 2275 2312 2312 2293 2312 2297 2303 2316 2308 2304 2325 2333 2322 2316 2315 2291 2323 2320 2314 2316 2310 2310 2319 2307 2322

Tree=0
num_leaves=20
num_cat=0
split_feature=14 4 12 12 7 20 4 26 1 14 3 27 7 7 14 4 13 1 19
split_gain=3.76923e+07 2.07966e+06 1.2624e+06 796204 558350 504142 480681 532471 480540 447922 495837 440901 373274 326374 281267 607930 439697 272007 256520
threshold=-1.7707740913736147 1.3926555578019502 -0.23781399152808447 -1.4628111473676799 -1.6382832804857448 -0.97775114581420686 1.8995097433233152 -0.11793130541578699 -2.0190822755170545 0.24165890268328452 1.2755770861303801 0.022209314718926305 3.0176764590544454 -0.73579823346428685 -0.46966779833277544 0.74199130618077958 -0.20581832189118146 1.0147703068711702 -2.4477337715769547
decision_type=2 2 2 2 2 2 2 2 2 2 2 2 2 2 2 2 2 2 2
left_child=3 5 9 -1 -4 8 7 11 -2 10 17 -5 14 -11 15 -7 -17 -3 -15
right_child=1 2 4 6 -6 12 -8 -9 -10 13 -12 -13 -14 18 -16 16 -18 -19 -20
leaf_value=-0.58735819937355327 -6.3683565224011005 -1.0292735135515008 -2.4371656985332115 -1.5120185575843124 -6.3683565224011005 -6.0339722451335156 -0.87942019318757136 -6.3683565224011005 -1.5317037706841132 -1.9764201583790406 -6.3683565224011005 -6.3683565224011005 -2.6565628962368093 -1.120359279519481 -6.3138819466937495 -2.2993906863511722 -6.3683565224011005 -6.3683565224011005 -6.3683565224011005
leaf_weight=254.90301989321597 3.602695268811658 18.40008765668609 4.4099612457212087 10.709550678962843 19.990038913674653 51.845736660994589 13.686512641608713 4.4502867287956205 4.7791727248113585 3.9473247665446234 2.1491881215479216 2.2648472413420668 3.1137505527585736 1.1011438192799667 212.1650201973971 8.5212802866008115 3.858181085670366 1.0064069677609939 6.0418943176046032
leaf_count=558 2087 852 824 1012 11580 28303 429 2578 461 556 1245 1312 650 61 121751 1475 2235 583 3500
internal_value=-3.45581 -5.68146 -3.93714 -0.771685 -5.65785 -6.02711 -2.28193 -3.38356 -3.61059 -2.65107 -1.81088 -2.35975 -6.09958 -4.2841 -6.13837 -5.55856 -3.56752 -1.30615 -5.55935
internal_weight=630.946 344.932 57.046 286.014 24.4 287.886 31.1112 17.4247 8.38187 32.646 21.5557 12.9744 279.504 11.0904 276.39 64.2252 12.3795 19.4065 7.14304
internal_count=182052 176163 19201 5889 12404 156962 5331 4902 2548 6797 2680 2324 154414 4117 153764 32013 3710 1435 3561
is_linear=0
shrinkage=1


Tree=1
num_leaves=20
num_cat=0
split_feature=12 26 26 12 11 10 14 0 0 14 29 16 16 29 17 25 3 13 15
split_gain=42456.6 126728 115818 181376 81342.1 69948.7 252151 34827.5 257663 21898.8 18180.2 250050 327941 114454 212989 46936.3 167444 32400.1 233136
threshold=0.97260579901185562 1.2012016384835602 -1.0514280458449499 0.98532559508413464 -0.18012343567906197 -2.0175525052576142 -1.4730453340275798 34907.500000000007 34392.500000000007 -1.6775143043137648 3.9050000000000007 1.4251438959444551 1.4664080209567201 3.7850000000000006 2.1762507566196958 0.89578662363941763 -3.4252705445316445 1.5592434609417603 0.94368772448018168
decision_type=2 2 2 2 2 2 2 2 2 2 2 2 2 2 2 2 2 2 2
left_child=9 2 3 -2 -3 6 -4 8 -7 -1 11 13 -13 15 -15 17 -17 -11 -19
right_child=1 4 5 -5 -6 7 -8 -9 -10 10 -12 12 -14 14 -16 16 -18 18 -20
leaf_value=0.028551375466463448 5.4576501819739125 4.030428552494139 5.7652265129160698 -0.010474820464835718 -0.012452744555924669 -0.010841362418920404 -0.010577099839731922 -0.010795227222563588 5.122214993381653 0.063682988167513638 0.04127193102620591 5.1846674395349863 -0.012127573404717089 -0.011082258496272899 5.8308797628705227 3.8582318764591834 -0.011647599982409093 -0.011634623104581241 4.7298586681573465
leaf_weight=34193.792476241244 1.0569038564572104 1.4302358368877324 1.0006157411262391 1.4237521176692096 0.76323290716390957 7.4365348095307109 3.0899862750666207 71.334265081444755 1.1259817265672607 842.94039272004738 2249.9913527474273 2.2247568117454639 2.6735442205099389 1.6902982097817578 0.98936856258660544 1.4939032690599559 4.4444829602725795 6.93957604060415 1.2191876760916782
leaf_count=6370 9 26 7 484 103 1288 532 18173 77 28398 123815 33 287 503 2 54 667 1334 91
internal_value=0.031383 0.249953 0.189737 2.31926 2.62368 0.12684 1.40226 0.0615398 0.664162 0.0308636 0.0562487 0.0952229 2.3482 0.0823864 2.14585 0.0759347 0.961887 0.0697531 0.6969
internal_weight=37397.1 88.6615 86.468 2.48066 2.19347 83.9874 4.0906 79.8968 8.56252 37308.4 3114.61 864.616 4.8983 859.717 2.67967 857.038 5.93839 851.099 8.15876
internal_count=182253 20699 20570 493 129 20077 539 19538 1365 161554 155184 31369 320 31049 505 30544 721 29823 1425
is_linear=0
shrinkage=0.01


Tree=2
num_leaves=20
num_cat=0
split_feature=29 13 14 8 8 23 13 26 26 10 29 12 17 9 29 23 26 4 14
split_gain=13442 189259 7441.68 7599.91 73380.1 204890 5713.78 4746.01 81840.6 137486 5095.49 4587.73 3206.38 2633.74 2555.15 4161.74 2252.89 1665.32 1589.39
threshold=1849.7000000000003 -1.5241078005987048 -2.0188790816569946 0.19933794027158502 0.19418390363341201 0.76425280452304811 -0.13260097350551697 -0.49931573675065544 -0.50653054576694079 -1.0052092624982498 540.09500000000014 0.19110102752517752 0.30382764567496651 -2.7633884659846344 5.3750000000000009 -0.17235043256756896 0.077759211293294869 0.05244405232879381 0.78675799318356809
decision_type=2 2 2 2 2 2 2 2 2 2 2 2 2 2 2 2 2 2 2
left_child=2 -2 -1 4 6 -6 7 8 10 -10 -4 14 -13 -5 15 -9 17 -8 -17
right_child=1 -3 3 13 5 -7 16 11 9 -11 -12 12 -14 -15 -16 18 -18 -19 -20
leaf_value=0.027519148120276799 3.5709482846964251 -0.012670653688036495 0.033474043216679114 0.031528872149258064 -0.011382852963464541 4.9130139191701838 -0.011036692337242969 0.094773378514788315 3.9711706189961902 -0.011474681105001484 0.13583394965874715 -0.010634673637454888 0.097091816964297653 -0.011482404788036702 0.034534154575304947 0.034596028148702142 -0.011413831887868937 0.035243542964685723 0.067047738365137138
leaf_weight=35351.064311038703 1.6135121297556931 17.009071840206161 126.99378544092178 249.5623072553426 3.0154053033329538 1.1738209758186711 82.691407426609658 218.28929874266032 1.4515237715095284 2.1516945157200089 78.814554550219327 30.814345299033448 267.30649987258948 331.44276181061286 1211.4259625283303 481.27811482257675 127.73134661663789 1301.406872308231 219.87312144425232
leaf_count=4364 18 510 5839 210 683 16 21849 1494 9 189 256 9988 2242 59462 22184 5196 28323 18777 639
internal_value=0.0292209 0.297824 0.0290961 0.0408683 0.0456059 1.36843 0.0442707 0.0531526 0.0988305 1.5929 0.0726729 0.0492145 0.085957 0.00699247 0.044074 0.0566435 0.0287702 0.0324786 0.0447725
internal_weight=40105.1 18.6226 40086.5 4735.42 4154.42 4.18923 4150.23 2638.4 209.412 3.60322 205.808 2428.99 298.121 581.005 2130.87 919.441 1511.83 1384.1 701.151
internal_count=182248 528 181720 177356 117684 699 116985 48036 6293 198 6095 41743 12230 59672 29513 7329 68949 40626 5835
is_linear=0
shrinkage=0.01


Tree=3
num_leaves=20
num_cat=0
split_feature=12 18 15 20 26 15 16 12 18 11 24 10 16 8 18 8 9 13 3
split_gain=6746.81 3210.05 3650.07 3813.42 4777.45 78932.1 131847 3890.88 3055.18 2231.7 2097.77 2077.14 1971.01 1608.92 1505.5 1454.26 1283.66 2268.18 1606.5
threshold=-1.0749853452960199 -0.34361431546143245 0.22838371168579705 2.2139215244686605 0.34817496742453508 0.28978220668952653 1.3486493054251951 0.65281865472295508 -0.33600620727124991 0.67338470560555863 0.65720231832489306 0.32951700540671708 -1.2361941495687099 0.41659543071791455 0.84629380180493652 0.24797911569778452 -0.27783309415002744 -0.80341469505815089 0.64075905755230955
decision_type=2 2 2 2 2 2 2 2 2 2 2 2 2 2 2 2 2 2 2
left_child=-1 9 12 4 8 6 -6 -7 -4 -2 -5 15 14 -14 -3 16 17 18 -10
right_child=1 2 3 10 5 7 -8 -9 11 -11 -12 -13 13 -15 -16 -17 -18 -19 -20
leaf_value=0.027135194486792757 -0.011549174769484983 0.071296571236418957 0.1261626639899156 -0.01158680552372923 -0.010913458058059449 0.029231860493122347 3.8059804355868212 0.10226828214426807 0.039668658525498189 0.030252224639152954 0.13326113077114227 -0.01209456276782735 0.033639358257686124 -0.011660773985505909 -0.011322306269172435 -0.011609998571017166 0.037309336365474399 0.024897428480560948 0.085918922289105318
leaf_weight=35263.122498799348 187.95040981716011 208.85429964051582 42.177312254905701 11.423355571459977 2.2490837756777178 139.41613350133412 1.5143581957090644 152.97445172665175 109.78643328498583 398.54233107320033 80.157588949776255 73.193749718251638 2695.8618977627484 80.751997019629925 24.659955208422616 48.052637947723269 917.43960854492616 151.09342630358879 237.72107959911227
leaf_count=19489 40883 1772 236 465 598 7478 15 1076 264 12285 100 7793 43256 11973 3655 9003 16456 4939 487
internal_value=0.0287499 0.038984 0.0415914 0.0521845 0.0491079 0.0859651 1.52495 0.0674434 0.0421971 0.0168563 0.115194 0.0398934 0.0346686 0.0323219 0.0625717 0.0424924 0.0443283 0.0572435 0.0713073
internal_weight=40826.9 5563.82 4977.33 1967.2 1875.62 296.154 3.76344 292.391 1579.46 586.493 91.5809 1537.29 3010.13 2776.61 233.514 1464.09 1416.04 498.601 347.508
internal_count=182223 162734 109566 48910 48345 9167 613 8554 39178 53168 565 38942 60656 55229 5427 31149 22146 5690 751
is_linear=0
shrinkage=0.01


Tree=4
num_leaves=20
num_cat=0
split_feature=14 4 24 19 1 16 10 8 12 3 4 17 3 28 13 12 17 7 14
split_gain=6945.43 4838.27 4483.23 38743 190954 4219.42 2170.58 1864.57 3159 2899.94 2227.9 2284.2 2697.84 1969.66 1637.04 1211.57 1208.12 1039.73 899.617
threshold=-2.0188790816569946 -0.76201087173845583 0.66405408725692416 1.7790567899656453 0.27495748538946058 -0.42112332594122043 0.53126556952794657 0.24797911569778452 -2.0139599392472096 -3.4252705445316445 1.1649775662708852 0.21901044502306752 0.64075905755230955 0.020523596343537405 -0.80341469505815089 -2.1002973428693248 0.70602468126572104 1.1335630771813652 0.51482768485800012
decision_type=2 2 2 2 2 2 2 2 2 2 2 2 2 2 2 2 2 2 2
left_child=-1 -2 7 5 -5 6 -4 9 15 17 11 13 16 -11 -14 -9 -13 -3 -12
right_child=1 2 3 4 -6 -7 -8 8 -10 10 18 12 14 -15 -16 -17 -18 -19 -20
leaf_value=0.026689801205279019 -0.011188978601774527 0.083938127401769189 0.043002705637817024 -0.012240705679500415 4.113440076991207 -0.011911431279930159 0.10214985318060354 0.029846176361457935 -0.011514051282144833 -0.010676739095706765 0.030627939484103025 -0.010787799762609795 0.086456482506204357 0.039408813926574929 -0.01155490028721526 0.076200754743725604 0.048832410634565476 -0.01427551805852062 0.049601128626101484
leaf_weight=37684.88637553819 189.3209218159318 181.88699134264607 104.3242024887586 5.624993485864251 1.4013414550572632 65.141878816881217 153.09726115444209 390.31308378104586 195.360644626664 91.519999074400403 2321.6898151305504 35.586172370123677 295.55561273323838 552.6577838701196 18.08413126913365 65.905554249766283 756.75475991610438 11.45802689832635 280.05087467620615
leaf_count=4349 49765 146 2521 381 61 9849 947 817 29945 30366 11243 8348 817 17955 4283 97 5017 416 4759
internal_value=0.0282478 0.0385196 0.0402225 0.0759873 0.81059 0.0599856 0.0781795 0.0379543 0.0221339 0.0402222 0.0385385 0.0472623 0.0559811 0.032293 0.0808053 0.0365426 0.0461547 0.0781178 0.0326702
internal_weight=43400.6 5715.73 5526.41 329.59 7.02633 322.563 257.421 5196.82 651.579 4545.24 4351.9 1750.16 1105.98 644.178 313.64 456.219 792.341 193.345 2601.74
internal_count=182082 177733 127968 13759 442 13317 3468 114209 30859 83350 82788 66786 18465 48321 5100 914 13365 562 16002
is_linear=0
shrinkage=0.01


Tree=5
num_leaves=20
num_cat=0
split_feature=12 8 26 4 18 4 4 18 4 14 1 10 2 15 2 7 20 22 12
split_gain=6223.01 5769.79 4423.32 2867.14 4569.66 2761.11 2175.26 3189.17 2493.25 1507.3 1528.27 1450.75 1573.08 1099.08 1082.22 1417.15 1312.18 1181.27 956.821
threshold=-1.0749853452960199 0.34913971315016706 1.2012016384835602 1.3126304660544752 -0.34361431546143245 1.2928191838771153 0.30947254778617506 -0.33600620727124991 -0.46986743381806995 0.51482768485800012 -0.12432737986510099 0.32951700540671708 -0.24810252888183895 1.0000000180025095e-35 0.55193844816177562 0.15339534048689105 -0.040740047156122845 -0.21387942607895746 -1.4628111473676799
decision_type=2 2 2 2 2 2 2 2 2 2 2 2 2 2 2 2 2 2 2
left_child=18 2 3 4 -2 6 7 -6 -9 -5 -11 14 -13 -10 15 -8 17 -16 -1
right_child=1 -3 -4 9 5 -7 11 8 13 10 -12 12 -14 -15 16 -17 -18 -19 -20
leaf_value=0.026231182825630209 -0.01105473684443449 -0.011603520257236139 0.088663941808203126 0.02948471164121283 0.11306180548886148 0.12944379914832271 -0.01096732826829102 -0.011298661184747618 0.040555830301037481 -0.011597451510471778 0.074258606964221735 0.088206884851130221 -0.011359141385188508 -0.011214210691515101 0.047697575023655285 0.045608635179281425 -0.011326318193263499 0.075351600312117309 -0.01249867009989214
leaf_weight=35466.361922887503 136.98672725725919 234.99280128744431 173.5126959735062 3032.0036426938605 46.599088787450455 41.211216883733869 46.881448919419199 133.48336703248788 538.50828806078061 24.503144395188428 134.74289910751395 174.35094862745609 17.457063752808608 44.388754319166765 288.11134159145877 796.15186046226881 25.029218259966001 332.99654693668708 63.902950151474215
leaf_count=13652 34809 40178 913 11333 252 340 10876 26865 8338 1148 1490 1831 2427 12237 376 5132 2853 1441 5750
internal_value=0.0277771 0.0370028 0.0389106 0.0374256 0.0451731 0.0482725 0.0469037 0.0329003 0.027686 0.0310597 0.061048 0.0532597 0.0791451 0.0366134 0.0499256 0.0424624 0.0596631 0.0625238 0.0261615
internal_weight=41752.2 6221.91 5986.92 5813.41 2622.16 2485.17 2443.96 762.979 716.38 3191.25 159.246 1680.98 191.808 582.897 1489.17 843.033 646.137 621.108 35530.3
internal_count=182241 162839 122661 121748 107777 72968 72628 47692 47440 13971 2638 24936 4258 20575 20678 16008 4670 1817 19402
is_linear=0
shrinkage=0.01


Tree=6
num_leaves=20
num_cat=0
split_feature=14 17 15 13 14 4 17 2 28 21 17 22 2 2 27 4 15 14 9
split_gain=5832.57 3605.18 4061.35 3207.19 2907.23 2828.42 2545.41 2154.7 2105.56 2113.19 1906.36 1708.88 1445.95 1445.74 1431.16 1330.25 1282.37 1275.15 1160.79
threshold=-2.1811447414791245 0.086918360951986809 0.22838371168579705 0.28207783923301255 0.21545735087440601 -0.025503736821458997 0.55590743390981856 0.16050066574356703 0.040797174667291859 -0.063549286582219935 0.47322062437338608 1.7891013540740801 0.5104936426247787 -0.7659239830734359 0.093481340978060962 -0.013030910213100448 0.89278995841963116 -0.50354952982346946 -0.073500407785316385
decision_type=2 2 2 2 2 2 2 2 2 2 2 2 2 2 2 2 2 2 2
left_child=-1 5 6 4 8 -2 -3 13 9 -4 16 -10 -11 -8 15 -7 -6 -15 -17
right_child=1 2 3 -5 10 14 7 -9 11 12 -12 -13 -14 17 -16 18 -18 -19 -20
leaf_value=0.025944775403276062 -0.010984393282756518 -0.011307837179371616 -0.012083043066834678 -0.012184301692866318 0.097754914909040827 0.075965373397952368 -0.011753080080291592 0.023306544472842229 0.032706016745468837 0.036309189282332559 -0.011171991192071566 0.089834080645703321 0.075486250856309001 0.042012634985649416 -0.012490196418763293 0.033263236867690685 0.053727063356146312 0.070368465309648895 0.010009860729390309
leaf_weight=35888.891638515634 180.70973815477919 123.74992274073884 35.340874137938954 70.368654604768381 265.40187404351309 66.087796933832578 40.894534145132639 754.02121738600545 622.90438298007939 118.13306177372579 21.052121605491266 57.16714953770861 465.16590674803592 631.87923882494215 75.547445454751141 1713.5658334428445 88.119268950656988 211.72981950698886 245.420193745289
leaf_count=3616 53540 24596 3274 10561 1738 341 5154 8693 3967 2988 3104 8 960 2758 6895 17557 1634 2406 28526
internal_value=0.027447 0.036763 0.0431298 0.0539501 0.0567314 0.0269786 0.0324238 0.0357267 0.0496524 0.0630026 0.0812752 0.0375082 0.0675519 0.0463145 0.0302445 0.0318387 0.0867805 0.0491294 0.0303501
internal_weight=41676.2 5787.26 3505.93 1743.65 1673.28 2281.33 1762.27 1638.52 1298.71 618.64 374.573 680.072 583.299 884.504 2100.62 2025.07 353.521 843.609 1958.99
internal_count=182316 178700 71841 28234 17673 106859 43607 19011 11197 7222 6476 3975 3948 10318 53319 46424 3372 5164 46083
is_linear=0
shrinkage=0.01


Tree=7
num_leaves=20
num_cat=0
split_feature=4 14 0 8 26 19 8 29 17 11 4 24 18 4 26 8 4 8 11
split_gain=4393.83 4659.51 2849.13 2163.53 1968.59 1875.8 1658.26 1343.08 1175.19 1064.77 2272.48 1602.46 1311.31 1886.83 1003.81 985.007 857.299 788.135 533.878
threshold=-0.48371261245110991 0.33043678857677405 165643.50000000003 -0.70532530966268892 1.2012016384835602 -1.1197936446936396 -0.75470853416395289 32.005000000000003 0.31180795515505555 0.16295027955466854 2.8448646629661654 0.46548618946180359 0.20524741967271654 1.2192754596988851 -1.0514280458449499 0.039787752526923202 0.89154531812656768 0.035990688859073305 0.49973522146131505
decision_type=2 2 2 2 2 2 2 2 2 2 2 2 2 2 2 2 2 2 2
left_child=-1 4 3 6 9 18 8 -6 -3 10 11 12 16 15 -7 17 -2 -14 -5
right_child=1 2 -4 5 7 14 -8 -9 -10 -11 -12 -13 13 -15 -16 -17 -18 -19 -20
leaf_value=-0.01163120848538203 -0.010918999568715585 0.05482121497674762 0.094005336047534846 -0.012287721315848632 0.075815036378148862 0.028007644335536021 0.11341224000524566 0.030492364704222761 -0.011765437841587947 0.025524638890464791 -0.013933854245940791 -0.01208428265760964 0.047024017849868233 -0.012952680382512845 -0.010763088494005322 -0.01114771768977907 0.030642872857504392 0.084383351529237163 0.044780534208787796
leaf_weight=301.81781876063906 52.147469112533145 431.07002938201185 109.93661225936376 17.091739317052998 132.36317491007503 132.85878750286065 46.470682353945449 129.2100072868634 28.241936098551378 39461.620709935669 100.41803185269237 70.740122940274887 873.68629913136829 54.183330829604529 134.26747976825573 27.627988085732795 1027.9447032035096 60.369787740404718 400.8591761875432
leaf_count=68731 14188 1277 1242 1670 253 145 164 457 1076 26103 3087 9048 4780 1856 35279 4429 6931 40 1379
internal_value=0.0263913 0.0266564 0.0452962 0.0407995 0.0260789 0.029218 0.0564864 0.0534269 0.050727 0.0259075 0.0325719 0.0347273 0.0363072 0.0444631 0.00852005 0.0476981 0.0286362 0.0494386 0.0424468
internal_weight=43592.9 43291.1 1300.8 1190.86 41990.3 685.077 505.783 261.573 459.312 41728.7 2267.12 2166.7 2095.96 1015.87 267.126 961.684 1080.09 934.056 417.951
internal_count=182135 113404 42232 40990 71172 38473 2517 710 2353 70462 44359 41272 32224 11105 35424 9249 21119 4820 3049
is_linear=0
shrinkage=0.01


Tree=8
num_leaves=20
num_cat=0
split_feature=12 18 4 8 9 27 14 29 18 20 3 14 0 26 10 0 28 15 8
split_gain=4225.08 2840.51 2750.96 3540.25 2381.48 1968.14 1866.82 2280.64 1610.59 1474.55 1384.25 1289.44 1268.51 2271.58 1487.22 1419.38 1411.19 1165.97 1154.31
threshold=-1.0749853452960199 -0.70547876183426939 1.3126304660544752 0.27811158055445356 -0.77420716330942785 -0.4074255741316784 0.51482768485800012 0.76500000000000012 -0.34361431546143245 3.5473124740410706 0.40386972182499953 0.78675799318356809 77476.500000000015 -0.13661244893314298 1.3114507954762953 46815.500000000007 0.040797174667291859 -2.0863886048282096 0.41659543071791455
decision_type=2 2 2 2 2 2 2 2 2 2 2 2 2 2 2 2 2 2 2
left_child=10 -2 3 4 -3 -6 18 -8 -7 12 11 -1 15 14 -14 -10 -17 -13 -4
right_child=1 2 6 -5 5 8 7 -9 9 -11 -12 17 13 -15 -16 16 -18 -19 -20
leaf_value=0.02492808639586493 -0.011641205775826217 -0.011113129765474418 0.028064433729036647 -0.010842417932182952 -0.011993723513142009 -0.010824797639104546 0.068276186157802302 -0.011039838895131944 0.034511427464106299 0.10246263773542488 -0.012419079876432242 0.061690039616818342 0.041962372383156588 -0.010804999471844091 0.09572498637049584 0.069252238778683861 0.039906340076527866 -0.012154215944980635 -0.012939513453143196
leaf_weight=33352.740610161214 134.82625944365282 73.330800647265278 3374.0557908292394 118.68714702955913 55.793299774872139 45.525862185866572 216.69890636578202 43.535418050247245 245.08621464378666 50.904128198279068 98.767898815334775 157.02210719580762 1058.7091403349768 79.347334870835766 54.081774382968433 643.50108992517926 219.85162783786654 24.753056419198401 70.080753761110827
leaf_count=4480 28563 14992 9863 31665 3163 13370 162 3488 7393 46 9939 167 13236 21537 368 7241 4250 4847 3074
internal_value=0.0263877 0.0337788 0.0347434 0.0425334 0.0450412 0.0467201 0.0291814 0.0550072 0.0480867 0.0492273 0.0249627 0.0250728 0.0480493 0.0408892 0.0445752 0.0557502 0.0617793 0.0516344 0.0272301
internal_weight=40117.3 6484.02 6349.19 2644.82 2526.13 2452.8 3704.37 260.234 2397.01 2351.48 33633.3 33534.5 2300.58 1192.14 1112.79 1108.44 863.353 181.775 3444.14
internal_count=181844 162411 133848 117261 85596 70604 16587 3650 67441 54071 19433 9494 54025 35141 13604 18884 11491 5014 12937
is_linear=0
shrinkage=0.01


Tree=9
num_leaves=20
num_cat=0
split_feature=14 4 8 18 4 16 0 27 2 4 4 26 29 18 14 10 0 4 29
split_gain=3735.37 2581.69 2100.8 3103.27 2189.63 1733.43 1735.48 1387.9 1326.07 1235.25 1733.9 1129.63 1193.88 967.846 1436.82 1057.14 1082.42 1239.69 861.684
threshold=-2.6219285685130749 -1.3309671438711648 0.27811158055445356 -0.7430006931424934 1.3126304660544752 0.53611263218957117 166774.50000000003 -0.4074255741316784 -5.5781040195804197 -1.3084418507000197 -0.46986743381806995 1.2012016384835602 0.74500000000000011 -0.16490511244943548 2.5908970561772207 1.3114507954762953 75383.500000000015 0.77543507779652365 1.0000000180025095e-35
decision_type=2 2 2 2 2 2 2 2 2 2 2 2 2 2 2 2 2 2 2
left_child=-1 -2 4 -4 5 7 -7 -3 -9 -10 -11 12 18 14 -12 16 -15 -18 -6
right_child=1 2 3 -5 11 6 -8 8 9 10 13 -13 -14 15 -16 -17 17 -19 -20
leaf_value=0.02468105310441724 -0.011635604512857492 -0.012081695415459989 0.031821482335798547 -0.01186295900549379 0.033465883707733256 -0.011657983619653881 0.04512303511710352 0.093361861703741 0.089805241428617469 -0.010955640864737191 -0.010697836646105777 0.069086159063307853 0.026603707296584792 0.052573198823637556 0.047099302487319201 0.087860610339453568 0.040499805829981438 -0.011667786657188291 0.063771648126539973
leaf_weight=36655.301426254329 129.20828398352023 43.448344375239685 498.12180109182373 241.43661837221589 243.16131569538265 116.60205101734027 99.986505620297976 55.280566695611924 57.206122319214046 58.579680938506499 77.504569878685288 71.546332700527273 2792.5459570841631 980.48048562544864 96.647209373069927 58.328111601760611 1185.7349671451375 47.372482610633597 152.76139364100527
leaf_count=2174 27954 3200 6882 33053 373 20635 551 129 408 17916 23981 163 14038 10030 15 321 16734 3641 90
internal_value=0.0259598 0.0326502 0.0334823 0.0175602 0.035401 0.0417591 0.0145546 0.0439737 0.0449043 0.0438587 0.0428093 0.0297896 0.0289078 0.0440969 0.0213772 0.0458384 0.0447311 0.0384957 0.045159
internal_weight=43661.3 7005.95 6876.74 739.558 6137.19 2877.17 216.589 2660.58 2617.13 2561.85 2504.65 3260.01 3188.47 2446.07 174.152 2271.92 2213.59 1233.11 395.923
internal_count=182288 180114 152160 39935 112225 97561 21186 76375 73175 73046 72638 14664 14501 54722 23996 30726 30405 20375 463
is_linear=0
shrinkage=0.01


Tree=10
num_leaves=20
num_cat=0
split_feature=4 12 18 4 7 8 19 17 4 13 27 6 25 14 18 8 3 28 4
split_gain=3185.16 3582.5 2947.37 2425.14 2343.82 1905.96 1809.36 1424.98 1195.56 1659.22 1245.76 1094.61 925.737 866.54 1823.32 812.397 845.407 640.278 598.178
threshold=-0.76201087173845583 -1.0749853452960199 -0.16490511244943548 1.3126304660544752 -4.9326344908662145 0.27811158055445356 -1.4685029683832946 -0.059692372949149794 1.0799031819345453 -0.8774910705186254 -0.19660163993507548 -0.20472688247779647 0.43464951860004858 0.78675799318356809 -0.7430006931424934 0.41659543071791455 1.9743615216801051 0.035638363056955301 0.83298332632550565
decision_type=2 2 2 2 2 2 2 2 2 2 2 2 2 2 2 2 2 2 2
left_child=-1 13 6 5 -5 8 -3 -6 10 11 -4 -10 18 -2 -15 16 -9 -14 -12
right_child=1 2 3 4 7 -7 -8 15 9 -11 12 -13 17 14 -16 -17 -18 -19 -20
leaf_value=-0.011679506086442781 0.024170909677284313 0.026252694420226343 -0.011779453100471239 0.067933131065033361 -0.013211309873350211 -0.010887923113103741 -0.011666858669483327 0.027769657978349238 0.038483558149819651 -0.011454608696672711 0.037600485579224956 0.075711946414606532 0.05286159232401938 0.05112136672249544 -0.011602677739906033 -0.012587262581152194 0.060821059925017719 -0.011590985885980634 -0.011517902640934739
leaf_weight=232.39594936696813 38597.340908236918 283.50827053189278 45.234770454233512 145.33851965749636 86.365903249941766 66.896019293460995 226.25772688514553 2829.4102390492335 112.50877268938348 31.028516782796942 1366.0043492484838 265.00851301045623 621.40818154998124 273.00188556709327 55.820032000890933 48.514693494769745 79.566514605423436 15.805044615641235 25.252079755300656
leaf_count=50644 4032 2443 3443 145 5774 15514 46743 2761 555 2643 28663 420 3873 752 8006 1896 320 1613 2013
internal_value=0.0252469 0.0254369 0.0324659 0.034513 0.0287009 0.0417844 0.00942224 0.0268276 0.0432039 0.0588395 0.0401234 0.064617 0.0412809 0.0243086 0.0404735 0.0279968 0.0286737 0.051263 0.036709
internal_weight=45406.7 45174.3 6248.11 5738.34 3189.2 2549.15 509.766 3043.86 2482.25 408.546 2073.7 377.517 2028.47 38926.2 328.822 2957.49 2908.98 637.213 1391.26
internal_count=182253 131609 118819 69633 10896 58737 49186 10751 43223 3618 39605 975 36162 12790 8758 4977 3081 5486 30676
is_linear=0
shrinkage=0.01


Tree=11
num_leaves=20
num_cat=0
split_feature=12 26 8 4 4 20 24 26 8 4 18 10 10 3 13 10 13 14 29
split_gain=3077.33 2382.38 1963.98 1804.94 1628.27 1678.38 1457.81 1436.54 1188.46 978.702 2680.9 970.069 943.379 1002.68 1566.24 909.27 781.453 784.116 910.676
threshold=-1.0749853452960199 1.2012016384835602 0.72806899366895605 -1.3309671438711648 -1.3084418507000197 2.2139215244686605 0.65720231832489306 0.52972064525262963 0.41659543071791455 1.1649775662708852 -0.16490511244943548 0.91813783764656309 0.53126556952794657 0.64075905755230955 -0.80341469505815089 0.89945390690369065 0.74989022394401206 0.51482768485800012 0.76500000000000012
decision_type=2 2 2 2 2 2 2 2 2 2 2 2 2 2 2 2 2 2 2
left_child=11 2 3 -2 -5 7 -7 8 9 10 -6 15 13 -12 -15 -1 17 -11 -19
right_child=1 -3 -4 4 5 6 -8 -9 -10 16 12 -13 -14 14 -16 -17 -18 18 -20
leaf_value=0.02392243028727636 -0.011553118036563104 0.062498327361658924 -0.011505808051734486 0.082486534890530316 -0.010900923017156165 -0.012128002138229375 0.07599551999689097 -0.011520158420815439 -0.011740412339866436 0.027518308661204156 0.035537904234700081 -0.013947295221632173 -0.011455823827151275 0.055734337426342047 -0.011209978197293578 0.056917026796037072 -0.013569332096342741 0.056250399600910564 -0.011067998076781785
leaf_weight=37300.658184615429 99.680453048902564 233.2799658261938 112.11033543292433 61.609027171740308 115.17227478034329 21.88147128757555 132.11224748264067 81.993078037514351 65.616222293581814 3805.1979346857406 1659.7733554154402 67.500803145579994 37.076134881353937 509.83994635124691 37.520784772699699 83.710670090280473 44.620348697528243 168.94676962168887 22.808314973255619
leaf_count=15673 19001 1264 18430 550 33363 985 180 17284 11422 11668 25062 3716 6244 2779 8387 79 3129 89 3205
internal_value=0.0250796 0.0310625 0.0300113 0.0306894 0.0313119 0.0308415 0.0634738 0.0300742 0.0306016 0.0310356 0.0361534 0.0239279 0.0385682 0.0394085 0.0511454 0.0239963 0.028048 0.0285126 0.0482432
internal_weight=44661.1 7209.24 6975.96 6863.85 6764.17 6702.56 153.994 6548.57 6466.57 6400.96 2359.38 37451.9 2244.21 2207.13 547.361 37384.4 4041.57 3996.95 191.755
internal_count=182510 163042 161778 143348 124347 123797 1165 122632 105348 93926 75835 19468 42472 36228 11166 15752 18091 14962 3294
is_linear=0
shrinkage=0.01


Tree=12
num_leaves=20
num_cat=0
split_feature=4 12 8 0 1 1 8 1 4 18 27 21 8 8 17 9 11 2 5
split_gain=3046.04 3535.13 1755.64 1642.78 1408.98 1469.15 1190.84 990.133 915.113 2387.72 995.705 962.769 925.541 1055.89 1004.89 752.435 693.319 537.406 535.171
threshold=-0.76201087173845583 -1.0749853452960199 0.72806899366895605 160511.50000000003 -2.0190822755170545 1.9864101179060454 0.41659543071791455 1.9256532756886504 1.2928191838771153 -0.16490511244943548 -0.073394091123751184 0.32261527119335759 0.16150836036886504 -0.041651604559013199 0.21901044502306752 0.89697864481195311 0.82936552239236216 1.9321768966537702 -0.20354174522442744
decision_type=2 2 2 2 2 2 2 2 2 2 2 2 2 2 2 2 2 2 2
left_child=-1 -2 3 6 -5 -6 7 8 9 -3 11 -11 13 16 -15 17 18 -10 -12
right_child=1 2 -4 4 5 -7 -8 -9 15 10 12 -13 -14 14 -16 -17 -18 -19 -20
leaf_value=-0.011658509340380763 0.023711871419079562 -0.010950187993320998 -0.011757800240559479 0.068597050250512229 -0.012818447423500896 0.044655910659431683 -0.011662348414388022 -0.011073976973551281 0.029254675507960817 -0.011818674875052343 -0.01144260024949852 0.03102574714851242 -0.011127920322780574 -0.010374710196676143 0.060189034895128606 -0.013587637922974792 -0.011866547682161442 -0.013156798706893933 0.040337840793476784
leaf_weight=227.98814845050219 34829.591695048497 101.74540846503805 91.984875360736623 215.92700325150508 52.167088940856047 301.63615486654453 65.6194164698245 54.974940517684445 3531.6210920490557 60.855101948021911 20.272065790253691 379.67517098761164 32.344979631481692 21.250317376572639 401.29678904870525 42.18334922590293 26.768276824383065 30.131825555348769 1296.772598467418
leaf_count=50350 12922 25891 11368 350 6065 2398 10771 14008 11537 6887 2323 1532 7161 7710 1403 1686 2195 465 5129
internal_value=0.0247937 0.0249937 0.0316302 0.0322317 0.048467 0.0361815 0.0307067 0.0311701 0.0315607 0.0364288 0.0385815 0.0251072 0.0418816 0.0428523 0.0566403 0.0283986 0.0385168 0.0288959 0.0395408
internal_weight=41784.8 41556.8 6727.23 6635.24 569.73 353.803 6065.51 5999.89 5944.92 2340.98 2239.24 440.53 1798.71 1766.36 422.547 3603.94 1343.81 3561.75 1317.04
internal_count=182151 131801 118879 107511 8813 8463 98698 87927 73919 60231 34340 8419 25921 18760 9113 13688 9647 12002 7452
is_linear=0
shrinkage=0.01


Tree=13
num_leaves=20
num_cat=0
split_feature=14 13 15 11 7 26 10 9 23 21 12 14 25 25 10 7 28 6 6
split_gain=3249.98 1878.46 2458.8 2273.53 1941.92 1772.15 1525.76 1367.4 1148.9 1513.23 1010.3 985.513 930.947 789.966 691.934 854.262 671.656 623.37 635.151
threshold=-1.8801430455446249 -0.50631130853199835 0.28079392536357856 0.24700336169780304 2.5000400652861701 1.2012016384835602 -0.38850010453472694 1.0089624878869852 -0.12126422672313399 -0.65919831223604941 -0.78042633283978935 -0.65610726647794293 -0.73110737511232038 0.15738229185066552 0.54648207079122513 -3.4392212573743444 -0.35659261195630149 2.9225043516529103 -1.1863213541482847
decision_type=2 2 2 2 2 2 2 2 2 2 2 2 2 2 2 2 2 2 2
left_child=14 2 3 -2 6 7 11 8 9 -3 -8 -4 -10 16 -1 -16 -5 18 -14
right_child=1 5 4 13 -6 -7 10 -9 12 -11 -12 -13 17 -15 15 -17 -18 -19 -20
leaf_value=0.023401283652942299 -0.01181587475812991 0.034163612913065709 0.055056101629263603 0.051283003994074143 0.075863637048019447 0.058068136959557801 0.034160244325090725 -0.011633852986867086 -0.012807345709069471 -0.011794431143988844 -0.011771315824265641 -0.011388926296052194 -0.011929822299319175 -0.011625560054130971 0.023040242317268672 -0.013963037990983574 0.030208927459227028 -0.012046237524389792 0.029895886183995253
leaf_weight=36948.226471893839 131.46414940443356 121.31238394975662 602.81131012586411 181.71570193988737 198.33818852645345 165.10743689618539 480.74575260141864 101.64570584881585 55.252263665082864 174.98821998632047 53.1863523197826 23.180610508890823 36.847207779064775 39.787362841656432 142.3343009193195 111.07829770923126 901.58219238230959 37.03315707645379 2476.3639146324713
leaf_count=3919 17116 692 860 423 129 976 3040 18461 6315 31755 10662 4710 5589 6064 6 1166 9457 5434 55264
internal_value=0.0243723 0.0313476 0.0376247 0.0275309 0.0469478 0.0261714 0.0420034 0.0244179 0.0256808 0.00702186 0.0295849 0.0525956 0.0278027 0.0321367 0.0232883 0.0068206 0.033744 0.0286825 0.0292827
internal_weight=42983 5781.36 2612.81 1254.55 1358.26 3168.55 1159.92 3003.44 2901.8 296.301 533.932 625.992 2605.5 1123.09 37201.6 253.413 1083.3 2550.24 2513.21
internal_count=182038 176947 52461 33060 19401 124486 19272 123510 105049 32447 13702 5570 72602 15944 5091 1172 9880 66287 60853
is_linear=0
shrinkage=0.01


Tree=14
num_leaves=20
num_cat=0
split_feature=12 18 27 15 14 10 10 3 0 0 22 10 20 28 20 20 13 4 9
split_gain=3074.15 2339.53 1811.42 1692.25 2016.14 1650.89 1544.02 1511.08 1498.05 1272.76 1086.55 893.433 878.645 1301.05 794.894 752.867 635.691 626.362 621.961
threshold=-0.86914814357318892 -0.45562228547226696 -0.4074255741316784 0.22838371168579705 0.21545735087440601 0.54648207079122513 -0.040997553361154744 0.40386972182499953 67459.500000000015 31008.500000000004 -0.22314208978513098 -0.38850010453472694 -0.49850876611973699 -0.016448021924475847 -0.033154699767684342 -0.040740047156122845 -0.30859825144705694 1.4697029694713852 0.93195519235362256
decision_type=2 2 2 2 2 2 2 2 2 2 2 2 2 2 2 2 2 2 2
left_child=7 9 -3 5 6 12 10 -1 -6 -2 17 15 -4 -14 -10 16 -12 -5 -17
right_child=1 2 3 4 8 -7 -8 -9 14 -11 11 -13 13 -15 -16 18 -18 -19 -20
leaf_value=0.023036754262921476 0.028251276047750302 -0.012366327167397457 0.040498651981428858 -0.011360941222061672 -0.010998205859636614 -0.012387428425518328 -0.01263131771916004 -0.012513046303954212 0.033414990049811667 -0.01169144557101889 0.05315101887686443 0.027825609955824372 -0.011176828747016039 0.027819972604980255 0.061385947832243035 -0.012507532129264476 -0.011759453308248607 0.026785345519580443 0.036813770735735968
leaf_weight=39211.783331727842 134.99702009058092 90.505612483131699 539.54923691682052 46.740172005374916 34.843241905095056 99.796859318157658 70.572144866921008 119.9332573111169 124.51362795999739 195.02477321017068 619.41476297366899 406.13323326292448 88.854561674641445 2302.7110371318413 552.10431248426903 28.775091700954363 15.46415220457129 544.44255234953016 229.39251384092495
leaf_count=12329 1903 5839 2247 7832 8721 13730 9716 12168 5499 41334 1493 4074 17140 27349 4399 2782 2194 289 1221
internal_value=0.0239545 0.0305452 0.0320203 0.0327247 0.0385257 0.0276099 0.0332939 0.0229284 0.0529458 0.00464732 0.0350084 0.0401226 0.0289717 0.0263711 0.0562386 0.0457149 0.05157 0.0237694 0.0313165
internal_weight=45455.6 6123.83 5793.81 5703.31 2672.4 3030.91 1960.93 39331.7 711.461 330.022 1890.36 1299.18 2931.11 2391.57 676.618 893.047 634.879 591.183 258.168
internal_count=182259 157762 114525 108686 48220 60466 29601 24497 18619 43237 19885 11764 46736 44489 9898 7690 3687 8121 4003
is_linear=0
shrinkage=0.01


Tree=15
num_leaves=20
num_cat=0
split_feature=14 28 15 15 13 18 24 16 23 17 13 10 7 2 24 27 7 15 7
split_gain=2909.24 1943.29 1649.41 1604.38 1621.32 1458.73 1408.01 1403.42 1056.19 976.176 864.126 1003.82 851.348 790.619 945.689 714.788 923.117 702.053 607.304
threshold=-2.0188790816569946 -0.38378845026538244 0.22838371168579705 0.39145462430852807 -0.50631130853199835 -0.066241415393661338 0.65720231832489306 0.89100714590870411 -0.088791296289810598 0.11509320529190752 -0.95818880991780986 -0.54550941425502242 1.5511527850033102 0.16050066574356703 -0.091887882902462636 -0.029224076509175748 0.84460650024318062 -0.19010044944914747 1.0000000180025095e-35
decision_type=2 2 2 2 2 2 2 2 2 2 2 2 2 2 2 2 2 2 2
left_child=-1 -2 7 6 9 -6 8 12 -4 -5 18 -12 13 15 -15 16 -3 -17 -11
right_child=1 2 3 4 5 -7 -8 -9 -10 10 11 -13 -14 14 -16 17 -18 -19 -20
leaf_value=0.022632254033597265 -0.012493387579855148 -0.010907368865520324 0.047998138459662665 -0.011890941739542357 0.025557526214428101 -0.011917361391509085 0.064172586285038399 -0.012407767940230685 0.023973407564615523 0.034645758128825421 0.055986546955733928 -0.012598221703669933 -0.012327004202365623 -0.012056907051381873 0.02452406315227481 0.03817754416430881 0.028217594338220426 -0.011016107472229291 -0.012302522906529105
leaf_weight=37446.443934506504 106.01028603373561 71.115501716849394 477.06489404872991 38.979594192933291 439.2465916586807 136.04172919341363 304.30103500862606 92.379124967963435 296.85238270787522 709.62748136487789 339.63588969758712 22.770988148753531 53.871421763207763 73.968911790987477 1584.8180551114492 1129.5145867132815 396.68281109980308 29.775015467661433 28.665888510993682
leaf_count=4393 6474 19728 3513 9934 20335 22228 1519 12581 7115 2106 816 1904 3643 12111 24348 17702 1796 8492 1714
internal_value=0.0236923 0.0299616 0.0306845 0.0363903 0.030381 0.0166956 0.0459486 0.026041 0.0387829 0.0372891 0.0390307 0.0516772 0.0271045 0.027751 0.0228928 0.0327037 0.0222698 0.0369141 0.0328229
internal_weight=43777.8 6331.32 6225.31 2793.19 1714.97 575.288 1078.22 3432.13 773.917 1139.68 1100.7 362.407 3339.75 3285.87 1658.79 1627.09 467.798 1159.29 738.293
internal_count=182452 178059 171585 71184 59037 42563 12147 100401 10628 16474 6540 2720 87820 84177 36459 47718 21524 26194 3820
is_linear=0
shrinkage=0.01


Tree=16
num_leaves=20
num_cat=0
split_feature=14 4 11 8 23 28 26 13 26 4 20 14 11 5 13 29 28 28 6
split_gain=2789.71 1828.27 1646.72 1342.23 2384.11 1172.58 1144.61 1082.27 1517.01 1102.69 1167.61 839.05 811.303 712.326 679.415 597.209 589.861 726.007 585.903
threshold=-2.0188790816569946 -1.3309671438711648 -1.5594000063213949 0.27811158055445356 0.76425280452304811 -0.44658785207201696 1.2012016384835602 -0.13260097350551697 0.077759211293294869 1.2192754596988851 0.040220993511237903 0.51482768485800012 -1.4587540985474547 0.82025262517540221 -1.179567180341375 0.76500000000000012 -0.091185864881658543 -0.025507230454970647 -0.084654419200273626
decision_type=2 2 2 2 2 2 2 2 2 2 2 2 2 2 2 2 2 2 2
left_child=-1 -2 -3 5 -5 -4 7 9 13 10 16 -11 -6 -9 -12 -13 -7 -18 -19
right_child=1 2 3 4 12 6 -8 8 -10 11 14 15 -14 -15 -16 -17 17 18 -20
leaf_value=0.02247021927584977 -0.011304955301092528 -0.012502052771639061 -0.012895610938744407 -0.011607578524056052 0.058894700480866258 0.054804194197563327 0.052619104650552563 0.028345335162110637 -0.011359072799703072 0.026137157069805284 0.029133575529765227 0.047690436664029036 0.023193845015651089 -0.013003010822237079 -0.01113329191220549 -0.011217806090349298 -0.010518238495928631 0.042077228103093389 -0.011384315786022987
leaf_weight=38048.474360175896 108.77153358783107 89.878238310804591 57.750480530434288 202.81945452571381 81.462980645126663 345.40940248896368 267.12136447918601 1606.8368721541483 108.31971801770851 1670.5752046724083 391.11871603608597 287.219364636112 291.17054850503337 42.773234207765199 46.930331997340545 18.306627937010489 27.719753909041174 1262.0165037018014 20.837941526784562
leaf_count=4337 27774 7964 2429 35175 21 2443 808 28290 26191 4252 2307 49 1274 4728 8604 2262 8396 12208 3043
internal_value=0.0235329 0.0293698 0.0300187 0.0305867 0.0159819 0.0319526 0.0323776 0.0314498 0.0248928 0.0342819 0.0393382 0.0289238 0.0309986 0.0272732 0.0248196 0.0441607 0.0431787 0.0401148 0.0412088
internal_weight=44975.5 6927.04 6818.27 6728.39 575.453 6152.94 6095.19 5828.06 1757.93 4070.13 2094.03 1976.1 372.634 1649.61 438.049 305.526 1655.98 1310.57 1282.85
internal_count=182555 178218 150444 142480 36470 106010 103581 102773 59209 43564 37001 6563 1295 33018 10911 2311 26090 23647 15251
is_linear=0
shrinkage=0.01


Tree=17
num_leaves=20
num_cat=0
split_feature=26 4 14 4 13 14 20 12 19 24 28 27 7 4 26 27 4 26 27
split_gain=1875.48 1744.56 1686.7 1256.56 1163.35 910.238 891.026 726.771 883.994 721.997 711.175 649.593 1121.04 617.145 1144.34 1007.94 570.591 615.713 561.211
threshold=1.2012016384835602 -1.3309671438711648 0.51482768485800012 -1.3084418507000197 1.0058898394181452 0.24165890268328452 2.2139215244686605 -0.86914814357318892 1.4140773675575953 -1.0526588374483947 -0.070090021307138886 0.10850746626161552 -1.5746276688035399 1.2928191838771153 0.36917730467350607 -0.32061650233073541 2.8448646629661654 -0.13168664871541547 0.046880161273402908
decision_type=2 2 2 2 2 2 2 2 2 2 2 2 2 2 2 2 2 2 2
left_child=1 -1 3 -3 6 7 10 -5 9 -9 -4 13 -13 14 15 -11 17 -12 -17
right_child=-2 2 4 5 -6 -7 -8 8 -10 11 16 12 -14 -15 -16 18 -18 -19 -20
leaf_value=-0.01188726416004347 0.04859885918191939 0.062818165256003533 -0.01120163055964136 0.022040714477305271 -0.011653543688884292 -0.010871129137544844 0.051463735324161916 -0.012583986064271486 -0.013198039677882727 -0.011999108516158633 0.030345724445151982 0.023384527290187404 -0.012389183588077704 0.025000105975518123 -0.010919857945288769 0.035411951299762337 0.044487390354125828 -0.010849680902138661 -0.010757138450102462
leaf_weight=144.30645208060741 284.15738875092939 77.442241490934975 38.002433075453155 36469.671059222426 55.08704385755118 81.577882991870865 271.91929199907463 47.519642274361104 57.418651610729285 47.367513091769069 772.49461855972186 433.31312529044226 109.79398290882818 3258.2757028297056 59.760939851170406 1782.5961895071669 303.41242590360343 38.069061388494447 26.723027081345208
leaf_count=28110 1446 576 7510 5324 8274 23105 689 4661 3392 3025 10943 752 14976 9122 12815 29205 967 10328 7244
internal_value=0.0229905 0.0228254 0.0229394 0.0225737 0.0334373 0.0225001 0.0351817 0.0225645 0.0258452 0.0262341 0.0313384 0.0265567 0.0161526 0.0276486 0.0321516 0.0335379 0.0327897 0.0284109 0.03473
internal_weight=44358.9 44074.8 43930.4 42451.5 1478.98 42374 1423.9 42292.4 5822.77 5765.35 1151.98 5717.83 543.107 5174.72 1916.45 1856.69 1113.98 810.564 1809.32
internal_count=182464 181018 152908 114197 38711 113621 30437 90516 85192 81800 29748 77139 15728 61411 52289 39474 22238 21271 36449
is_linear=0
shrinkage=0.01


Tree=18
num_leaves=20
num_cat=0
split_feature=4 12 17 28 20 4 18 29 11 0 3 11 12 4 28 27 27 20 0
split_gain=1683.23 1435.76 1295.74 1827.62 1772.61 1129.89 1330.86 923.921 859.613 800.599 871.414 782.973 737.133 717.933 684.297 612.484 496.759 421.359 416.987
threshold=-1.3309671438711648 -1.0749853452960199 -0.22730556875213648 -0.19189943720515648 -0.20389989091102148 0.9110169280669026 -0.34361431546143245 1849.7000000000003 -1.0710929265366298 77476.500000000015 -0.74237825439876592 -0.45926156442240545 -0.23781399152808447 1.1481028388886101 0.035638363056955301 -0.026363022520643296 1.051192209785565 -0.97775114581420686 46815.500000000007
decision_type=2 2 2 2 2 2 2 2 2 2 2 2 2 2 2 2 2 2 2
left_child=-1 11 4 -4 12 6 -5 8 -7 14 15 -2 -3 -10 18 -11 -15 -16 -8
right_child=1 2 3 5 -6 7 9 -9 13 10 -12 -13 -14 16 17 -17 -18 -19 -20
leaf_value=-0.011863670717322489 -0.013986797929041455 0.02653651317553642 -0.012410501123427018 -0.010754607838705063 -0.011624448408382788 -0.012523242572701862 -0.011288659245054639 0.059023650296566824 -0.011453989073899764 0.015328331680111192 -0.01131472609037147 0.021864713935224427 -0.011621773214548704 0.025492918274096357 0.033252215181813399 0.035205643231075064 0.048740070056102071 -0.010934598233486564 0.049331267090570306
leaf_weight=142.32233015506063 61.014165550586767 559.11159604717977 108.80815598077606 63.14775038859807 193.48183202033397 60.187460535671562 11.547456793137824 81.366210529231466 51.666248371591792 181.46762800170109 47.540854987688363 37893.984053324792 55.665679162135348 3641.9424055269919 243.3758121074643 1063.5197292505763 94.299162929179147 23.680609976057895 654.57934949803166
leaf_count=28304 3470 3066 6223 22598 47100 3573 1977 206 3890 5820 8556 11618 11286 11216 62 4932 19 5340 3310
internal_value=0.0224724 0.0225808 0.0266963 0.0282194 0.0147735 0.0289303 0.0345155 0.025677 0.0249719 0.0357999 0.0307038 0.0218071 0.0230814 0.0255677 0.0428584 0.0323084 0.0260797 0.0293341 0.0482804
internal_weight=45232.7 45090.4 7135.39 6327.13 808.259 6218.32 2288.86 3929.46 3848.1 2225.71 1292.53 37955 614.777 3787.91 933.183 1244.99 3736.24 267.056 666.127
internal_count=182566 154262 139174 77722 61452 71499 52595 18904 18698 29997 19308 15088 14352 15125 10689 10752 11235 5402 5287
is_linear=0
shrinkage=0.01


Tree=19
num_leaves=20
num_cat=0
split_feature=14 4 28 11 7 9 4 26 4 26 29 29 18 14 2 2 7 9 4
split_gain=2245.08 1636.79 1306.57 1013.43 897.659 1287.02 891.003 850.939 769.153 733.211 887.272 1401.6 1534.77 770.741 1221.22 596.471 1175.43 537.899 549.286
threshold=-2.0188790816569946 -1.3309671438711648 -0.44658785207201696 -1.7314320914274897 2.5000400652861701 -0.06426462409377684 -0.76201087173845583 -0.53456596359336839 -0.48371261245110991 1.2012016384835602 1.675 19.225000000000005 1.2738562504892752 -0.42821736983581243 0.026959873332166002 0.017288888777261206 0.77787196131277458 1.0280380378189851 1.1649775662708852
decision_type=2 2 2 2 2 2 2 2 2 2 2 2 2 2 2 2 2 2 2
left_child=8 -2 -3 -4 6 -6 -5 -7 -1 10 -8 12 -12 17 15 16 -15 18 -13
right_child=1 2 3 4 5 7 9 -9 -10 -11 11 13 -14 14 -16 -17 -18 -19 -20
leaf_value=-0.013433045697022675 -0.01126066557725545 -0.012588728275644926 -0.0126224820575763 -0.010889579004276855 -0.012583306662224732 0.059851597453024492 0.033194146932955707 0.033366316707652291 0.021621809650351553 0.04802201532452096 -0.01158486439614332 0.036629910690576216 0.02435862225102256 -0.011332157571902621 -0.011954695424119635 0.047432770560931654 0.026439605399832068 -0.011522535125446666 0.025754731267673376
leaf_weight=62.694070577737875 104.47347933915444 75.885389577248134 57.505449464544654 57.196161275380291 39.841893356642686 241.35873401525896 2077.0656091027195 243.88648082176223 38302.753052392858 191.22998963622376 205.60268816410098 1039.3639744881075 281.37061976164114 97.047584397601895 106.8772690219339 96.205892273574136 545.38602332107257 29.144173417356797 839.61393748247065
leaf_count=1095 27681 4117 4616 20594 876 62 15680 218 3213 980 42796 8032 877 25538 18796 220 2830 2460 1715
internal_value=0.0224748 0.0279929 0.0286518 0.0291607 0.0295552 0.0420539 0.0283761 0.04654 0.0215645 0.0287838 0.028092 0.0248217 0.00918309 0.0275874 0.0196397 0.0242112 0.0207337 0.0311091 0.0317704
internal_weight=44694.5 6329.06 6224.58 6148.7 6091.19 525.087 5566.1 485.245 38365.4 5508.91 5317.68 3240.61 486.973 2753.64 845.517 738.639 642.434 1908.12 1878.98
internal_count=182396 178088 150407 146290 141674 1156 140518 280 4308 119924 118944 103264 43673 59591 47384 28588 28368 12207 9747
is_linear=0
shrinkage=0.01


Tree=20
num_leaves=20
num_cat=0
split_feature=14 11 24 29 6 24 16 10 10 14 22 18 26 25 6 28 16 29 23
split_gain=1776.38 1459.36 994.839 857.008 1059.46 1399.76 1501.51 531.346 743.82 524.545 1405.41 911.68 645.555 516.19 508.602 504.412 474.055 508.893 438.739
threshold=-2.0188790816569946 -1.5594000063213949 -1.0170820958569098 1.2850000000000004 2.9225043516529103 0.65720231832489306 -0.42112332594122043 0.54648207079122513 0.57666651169720218 -0.42821736983581243 -0.30549611965894491 0.5174526649396346 0.17999924636081052 0.37832532480694908 -0.54129655753564243 0.15908320330038453 0.63028586649829665 1.0000000180025095e-35 -0.26140760078617092
decision_type=2 2 2 2 2 2 2 2 2 2 2 2 2 2 2 2 2 2 2
left_child=7 -2 -3 16 5 9 14 -1 -9 15 -11 12 13 -12 -7 18 -4 -18 -5
right_child=1 2 3 4 -6 6 -8 8 -10 10 11 -13 -14 -15 -16 -17 17 -19 -20
leaf_value=0.021418509342335829 -0.012392149058022718 -0.011915696221295182 0.035530187667828728 0.034949405633094989 -0.012597353199284256 -0.01228083552060664 -0.011357184318713567 0.021127149516451903 -0.014349074812676317 -0.011318421143671785 0.027530880256861023 -0.011389172841342587 -0.011236183836381844 -0.011171539261467158 0.052389588146310839 -0.012434547598627291 0.026807873631354787 -0.012424601182303119 0.025208760488469727
leaf_weight=37593.502290966455 93.220466926228255 63.578784622135572 1640.9150868448196 590.43843791366089 71.907023623236455 12.588862822623922 44.386923449812457 144.63746139232535 99.93586375634186 135.20043150393758 1088.9388997887727 74.107178520178422 47.747657518368214 35.587698664050549 357.748983596568 32.293394508305937 270.05186414462514 37.674987448030151 2132.6145622279728
leaf_count=3325 9323 10969 13578 3393 9250 2334 8965 12 994 33953 20331 14704 12834 10203 1877 3237 218 2709 19826
internal_value=0.0221649 0.0268991 0.0274511 0.0278319 0.0254876 0.0260892 0.0436039 0.0213229 0.0066311 0.0243334 0.0193048 0.0226266 0.0247769 0.0263061 0.0501913 0.0268549 0.0333943 0.0220046 0.0273208
internal_weight=44567.1 6729 6635.78 6572.2 4623.56 4551.65 414.725 37838.1 244.573 4136.93 1381.58 1246.38 1172.27 1124.53 370.338 2755.35 1948.64 307.727 2723.05
internal_count=182035 177704 168381 157412 140907 131657 13176 4331 1006 118481 92025 58072 43368 30534 4211 26456 16505 2927 23219
is_linear=0
shrinkage=0.01


Tree=21
num_leaves=20
num_cat=0
split_feature=4 12 18 27 11 6 20 4 11 24 11 4 9 6 11 23 4 14 19
split_gain=1595.5 1183.04 1960.29 1141.78 895.161 827.569 771.902 703.085 656.221 576.956 525.36 506.164 453.873 419.152 582.029 489.51 429.737 1262.98 547.255
threshold=-1.3309671438711648 -1.0749853452960199 -0.60163556385917094 -0.54913897448771343 -1.6221371077709348 2.9225043516529103 2.2139215244686605 -1.3084418507000197 -1.3917629653161847 -1.0526588374483947 -0.69137529487057792 -0.76201087173845583 -1.8463090017210748 -0.7865944376934223 -0.37558909920335698 -0.43321192326855545 1.2192754596988851 -0.0067759464579423686 1.7790567899656453
decision_type=2 2 2 2 2 2 2 2 2 2 2 2 2 2 2 2 2 2 2
left_child=-1 10 -3 -4 -5 6 7 -6 -8 -9 -2 -11 -13 14 -14 -15 17 -17 -18
right_child=1 2 3 4 5 -7 8 9 -10 11 -12 12 13 15 -16 16 18 -19 -20
leaf_value=-0.011821777184742565 -0.01383381673952261 -0.011661705578037028 -0.012907732656519219 -0.012427943076244308 0.055322208061123569 -0.012612852705138278 0.05276607404591295 -0.012345114992503004 -0.012414608552151245 -0.010972584607945188 0.021134737545059741 -0.014178887169751164 -0.011316761960584286 -0.012346934183387297 0.02410902257515395 0.03394691150797767 0.024002845779575094 -0.010638645777661843 0.037907283729380452
leaf_weight=141.56224062887486 43.013964273617603 138.22984650568105 73.162820612196811 57.628482667845674 85.682981615071185 51.913892211741768 177.55941741692368 38.039890978252515 16.917525864089839 35.426827368675731 36783.205932516837 26.735730351530947 47.557852128054947 28.628887813771144 1868.3710998612223 1944.0824332741322 1876.6232256485382 65.6810155272251 333.34314999147318
leaf_count=28153 2675 29343 3686 5192 412 5144 33 5014 716 10212 12401 1190 9303 2484 11574 20702 10463 23251 343
internal_value=0.0216958 0.0218044 0.0256154 0.0263813 0.0268133 0.0271561 0.0274716 0.0268706 0.047096 0.0264814 0.0210939 0.0267187 0.0269343 0.0271127 0.0232297 0.0288638 0.0291434 0.0324898 0.0261001
internal_weight=43833.4 43691.8 6865.59 6727.36 6654.19 6596.56 6544.65 6350.17 194.477 6264.49 36826.2 6226.45 6191.02 6164.29 1915.93 4248.36 4219.73 2009.76 2209.97
internal_count=182291 154138 139062 109719 106033 100841 95697 94948 749 94536 15076 89522 79310 78120 20877 57243 54759 43953 10806
is_linear=0
shrinkage=0.01


Tree=22
num_leaves=20
num_cat=0
split_feature=4 14 24 17 0 22 2 1 3 24 11 5 24 23 6 19 25 4 28
split_gain=2478.03 1618.21 1201.1 789.927 1122.31 1053.34 1022.37 809.929 782.05 652.904 983.341 760.216 591.42 509.512 794.59 640.559 500.596 474.597 454.613
threshold=-0.76201087173845583 -2.1811447414791245 -0.92595718862800336 0.086918360951986809 46815.500000000007 -0.79949906127213433 1.3902063102519902 1.1970764262508302 1.2755770861303801 0.65720231832489306 -1.0295659901399998 -0.74448834735728131 0.62915262393837967 -0.088791296289810598 -0.7865944376934223 0.41112327263407805 -1.5229578969165798 -0.025503736821458997 -0.016448021924475847
decision_type=2 2 2 2 2 2 2 2 2 2 2 2 2 2 2 2 2 2 2
left_child=-1 -2 -3 7 5 -5 9 8 12 11 -11 -6 17 15 -15 -13 -8 -4 -16
right_child=1 2 3 4 6 -7 16 -9 -10 10 -12 13 -14 14 18 -17 -18 -19 -20
leaf_value=-0.011643948797310547 0.020902982508376095 -0.012271802526534835 -0.011109288456824958 0.023699025346665202 0.012020566968368736 -0.01238245899870687 0.020349165159628254 -0.010494386294281049 -0.011292447004450663 0.048592197145664644 -0.01272862779579559 0.037973075784920984 -0.013019281162364057 -0.012198104804236455 -0.011369000468071509 -0.011783317687992852 -0.012551468956640848 0.025454014863052571 0.030368455917897812
leaf_weight=224.32198708306532 39309.03827816213 79.988788612303324 36.069612513296306 285.18852723448072 200.16969818202779 112.95554455753881 145.27495171397459 73.318386177299544 63.80296724580694 378.20367779978551 28.093527787481435 1235.6278317481047 41.936768514453433 46.717525560176 26.549474592204206 26.427234661881812 67.843725338811055 2250.0025255889632 1531.0586803941987
leaf_count=50736 3072 10393 9695 1150 6457 10557 31 27355 12941 445 3085 3946 4081 4528 3899 2659 4853 16739 5918
internal_value=0.0215118 0.0216737 0.026244 0.0267145 0.0294126 0.0134625 0.0311355 0.0222443 0.0232478 0.0324401 0.0443522 0.0308619 0.0241945 0.0321776 0.0284382 0.0369312 0.00987565 0.0248771 0.029657
internal_weight=46162.6 45938.3 6629.23 6549.24 4084.11 398.144 3685.97 2465.13 2391.81 3472.85 406.297 3066.55 2328.01 2866.38 1604.33 1262.06 213.119 2286.07 1557.61
internal_count=182540 131804 128732 118339 47528 11707 35821 70811 43456 30937 3530 27407 30515 20950 14345 6605 4884 26434 9817
is_linear=0
shrinkage=0.01


Tree=23
num_leaves=20
num_cat=0
split_feature=9 14 4 24 24 24 16 22 14 12 8 24 0 24 0 9 26 9 29
split_gain=1531.37 1430.86 1126.85 907.245 826.633 1216.1 1007.63 749.156 1510.58 649.199 619.821 658.18 797.593 785.736 509.216 494.223 465.954 455.967 363.876
threshold=1.7729376674687203 -1.8801430455446249 -1.3309671438711648 -1.0170820958569098 0.76180329333076868 0.65720231832489306 -0.42112332594122043 -0.30549611965894491 -0.32870268961792543 -0.23781399152808447 0.71451321181843963 -0.23606843757675147 129506.50000000001 -0.068452928532094587 46815.500000000007 0.62121307965860717 -1.0514280458449499 0.12654617307364255 30.705000000000002
decision_type=2 2 2 2 2 2 2 2 2 2 2 2 2 2 2 2 2 2 2
left_child=1 -1 -3 -4 5 7 -7 8 9 -5 11 12 14 -13 -9 18 -17 -16 -15
right_child=-2 2 3 4 -6 6 -8 10 -10 -11 -12 13 -14 15 17 16 -18 -19 -20
leaf_value=0.02068740176039215 -0.012819853068728933 -0.011085741502149547 -0.01201906424373243 0.024310646923728304 -0.011829893534613493 0.04791845811133056 -0.01173043574157568 -0.011714916497579478 -0.01149960554544836 -0.011139233962680222 -0.011306097985724907 -0.012120204095528444 -0.011965535146424174 0.030292277990039498 0.031151880379483143 0.021227086361258213 -0.011754778179503085 0.043840408128821881 0.023145272330412942
leaf_weight=37630.214209269965 130.86273396073375 82.028352218214422 61.483773286105134 1274.7859396128915 55.553016398451291 382.58353810070548 30.583984470344149 22.052474069176242 141.45874986506533 53.841095155104995 40.183061158750206 53.738421719288453 35.907840004772879 1804.9560748513322 636.44522995315492 144.06416825705674 60.959379737847485 510.28067169256974 1176.8374751794618
leaf_count=4276 9186 25123 9833 2325 9381 2215 5478 3787 33062 9311 5789 5298 6420 17205 5408 12 9454 3434 15399
internal_value=0.021338 0.0214391 0.0257459 0.0262118 0.0265776 0.0269127 0.0435031 0.0257617 0.0195665 0.0228741 0.0277922 0.0281456 0.0344566 0.0257995 0.0358828 0.0264389 0.0114206 0.0367981 0.0274715
internal_weight=44328.8 44198 6567.74 6485.71 6424.23 6368.68 413.168 5955.51 1470.09 1328.63 4485.42 4445.24 1204.69 3240.56 1168.78 3186.82 205.024 1146.73 2981.79
internal_count=182396 173210 168934 143811 133978 124597 7693 116904 44698 11636 72206 66417 19049 47368 12629 42070 9466 8842 32604
is_linear=0
shrinkage=0.01


Tree=24
num_leaves=20
num_cat=0
split_feature=4 12 25 6 0 1 2 23 4 4 11 11 4 18 9 2 26 20 2
split_gain=1446.11 925.044 1191.97 800.385 780.389 963.043 748.65 674.04 654.87 1388.06 569.424 518.939 491.967 1354.38 774.578 582.61 549.643 472.034 670.639
threshold=-1.3309671438711648 -1.0749853452960199 0.70560751113369613 2.9225043516529103 164566.50000000003 1.8952690808305652 0.16050066574356703 0.85630583727760912 -1.3084418507000197 -0.27272230779187295 -1.7314320914274897 -0.69137529487057792 1.2928191838771153 -0.16490511244943548 -0.55330549338988544 2.0100555071410953 1.4047954437339403 -0.065750225142978486 -0.11963028463296448
decision_type=2 2 2 2 2 2 2 2 2 2 2 2 2 2 2 2 2 2 2
left_child=-1 11 3 4 5 7 -6 8 -3 -10 -11 -2 13 -12 -15 16 -14 -16 -19
right_child=1 2 -4 -5 6 -7 -8 -9 9 10 12 -13 15 14 17 -17 -18 18 -20
leaf_value=-0.011770929336572589 -0.013892235975891487 0.051504461615402647 -0.012571067241066308 -0.012607047091443476 0.038809400590605322 -0.011382947549325305 -0.013008704198497168 -0.012459836419834789 -0.011040063090895025 -0.012604826999775788 -0.010939698447128967 0.020499148389641494 0.023042015542734481 -0.011762403287375787 0.035198007451839868 -0.013782015746282477 0.047187650495129678 0.02764324281908043 -0.011634611285682567
leaf_weight=134.28063614817802 43.926669773180038 90.550290620652959 86.399782625143416 56.768524014973082 552.2371150739491 75.576696896692738 29.364012509468012 48.916369399754331 108.49946550989989 39.931721082073636 81.066582847968675 37304.562190808007 3926.7659374801442 42.02503256557975 1303.8022608468309 42.079122017486952 96.595706522231922 670.85351144161541 46.482365109026432
leaf_count=28142 2626 472 7853 5450 3072 19406 3481 2281 31156 2153 20570 12427 14301 7582 8355 775 83 4855 7111
internal_value=0.0209964 0.021095 0.0243513 0.0247936 0.0250904 0.024108 0.0361932 0.0245208 0.0248013 0.024421 0.0250367 0.0204587 0.0252787 0.0291545 0.0307298 0.0232346 0.0236217 0.0316134 0.0250981
internal_weight=44780.7 44646.4 7297.91 7211.51 7154.75 6573.15 581.601 6497.57 6448.65 6358.1 6249.6 37348.5 6209.67 2144.23 2063.16 4065.44 4023.36 2021.14 717.336
internal_count=182151 154009 138956 131103 125653 119100 6553 99694 97413 96941 65785 15053 63632 48473 27903 15159 14384 20321 11966
is_linear=0
shrinkage=0.01


Tree=25
num_leaves=20
num_cat=0
split_feature=4 17 16 4 8 19 14 17 10 27 3 17 17 10 7 1 14 4 27
split_gain=1429.58 1111.18 2096.2 1178.88 1972.81 852.072 835.039 863.054 754.358 574.024 565.695 470.019 675.791 555.176 450.964 361.511 398.265 414.537 333.303
threshold=-1.3309671438711648 0.086918360951986809 0.42045590545735206 1.3126304660544752 0.11826234446749952 0.69292043732970965 0.26797036066661106 0.75324632612661513 0.54648207079122513 -0.4074255741316784 1.2755770861303801 0.24989784763513304 0.55590743390981856 -1.0215930981728447 1.8600309357385452 1.3005726495408152 -1.5977600005779997 -0.20899307318464347 0.13546435656626701
decision_type=2 2 2 2 2 2 2 2 2 2 2 2 2 2 2 2 2 2 2
left_child=-1 2 10 4 5 9 8 18 -5 -3 14 13 -13 -11 15 16 -2 -18 -8
right_child=1 3 -4 6 -6 -7 7 -9 -10 11 -12 12 -14 -15 -16 -17 17 -19 -20
leaf_value=-0.011757542587661866 0.020150440799835224 -0.013196163639417594 -0.012527949691865372 0.020844597927506276 -0.011202777343792878 -0.011986882442325344 0.036928555872777089 -0.011625907694346779 -0.014407729246325961 0.047614291618343144 -0.011647252216312408 -0.010923463137830151 0.031800303243896259 -0.010852954023816579 -0.012774891492392833 -0.010237471443518527 -0.010617164286442176 0.02554339743926979 -0.011346303592093298
leaf_weight=134.50054455117788 33241.484165116679 27.566361346747726 195.83918765967246 5598.9054193808697 113.42338289320469 44.441836185869761 572.19197561161127 41.200745499227196 61.367172731785104 287.8216358871432 55.410795764415525 37.674332855618559 2141.9579992364161 17.21191883191932 41.101661746506579 38.551153900800273 32.264197454787791 1820.8527832218679 14.668676272965966
leaf_count=28234 424 894 30028 5609 22026 5571 1954 1605 1187 383 10841 8361 9614 4714 1456 16803 12790 19183 791
internal_value=0.020795 0.0208936 0.020098 0.0240401 0.0296071 0.0314176 0.0216763 0.0326159 0.0204624 0.0321854 0.0202793 0.0326889 0.0310618 0.0443152 0.0203296 0.0203683 0.020402 0.0249138 0.0357219
internal_weight=44518.4 44383.9 35425.5 8958.43 2670.1 2556.67 6288.33 628.061 5660.27 2512.23 35229.7 2484.67 2179.63 305.034 35174.3 35133.2 35094.6 1853.12 586.861
internal_count=182468 154234 91525 62709 51563 29537 11146 4350 6796 23966 61497 23072 17975 5097 50656 49200 32397 31973 2745
is_linear=0
shrinkage=0.01


Tree=26
num_leaves=20
num_cat=0
split_feature=14 8 4 11 26 26 4 8 9 3 13 22 26 15 2 10 10 26 10
split_gain=1400.84 1664.57 1148.5 1100.09 593.9 808.386 627.273 1229.64 762.14 669.14 606.367 948.538 696.704 515.082 1112.95 479.709 685.428 450.962 775.345
threshold=-2.0188790816569946 0.71451321181843963 -1.3309671438711648 -1.5594000063213949 1.2012016384835602 0.63747396473823958 1.3126304660544752 0.19933794027158502 -0.77420716330942785 1.2755770861303801 -0.20581832189118146 -0.21387942607895746 -0.11793130541578699 0.28079392536357856 -0.24810252888183895 0.54648207079122513 0.57666651169720218 -0.53456596359336839 -0.54550941425502242
decision_type=2 2 2 2 2 2 2 2 2 2 2 2 2 2 2 2 2 2 2
left_child=15 2 -2 -4 5 6 7 8 -5 -8 13 12 -12 14 -10 -1 -17 -15 -19
right_child=1 -3 3 4 -6 -7 9 -9 10 -11 11 -13 -14 17 -16 16 -18 18 -20
leaf_value=0.02010080142128709 -0.01121354453244346 -0.011672724133470315 -0.012674489687109266 -0.011129647891402092 0.039305814140429211 -0.011383213451465516 0.023518974479215894 -0.01075826282883378 0.030521318564431552 -0.011849386540165848 0.029202903555712274 -0.011053794158994412 -0.010880135344881777 0.048290135226450953 -0.011460738411814875 0.019895611303997203 -0.014240896869859399 0.038061643127191964 0.015908027161328962
leaf_weight=37336.315001856419 84.762489845161326 123.28372104070149 73.511939749238081 44.346495924051851 330.20135346567258 58.678826597402804 3461.9241189003224 75.671348265255801 887.2099168880377 54.331304713035934 657.67800407472532 74.099602616974153 46.424804431502707 285.10469794401433 67.985224124277011 144.80834153352771 99.055158077040687 897.80044171481859 191.71661549271084
leaf_count=3347 22529 20131 6493 9427 1107 13759 11937 21662 4305 4979 4708 20439 14827 1350 10488 10 1001 1336 8526
internal_value=0.0207932 0.0247656 0.0253817 0.0258121 0.0262087 0.025573 0.0258945 0.0290775 0.0300337 0.0229725 0.0306211 0.0229785 0.02656 0.0331738 0.0275333 0.0200095 0.00602967 0.0370934 0.0341634
internal_weight=44994.9 7414.73 7291.45 7206.68 7133.17 6802.97 6744.29 3228.04 3152.37 3516.26 3108.02 778.202 704.103 2329.82 955.195 37580.2 243.863 1374.62 1089.52
internal_count=182361 178003 157872 135343 128850 127743 113984 97068 75406 16916 65979 39974 19535 26005 14793 4358 1011 11212 9862
is_linear=0
shrinkage=0.01


Tree=27
num_leaves=20
num_cat=0
split_feature=4 14 11 18 13 18 9 7 2 4 4 3 10 29 7 22 5 13 10
split_gain=1404.26 1533.26 858.758 655.3 557.592 1007.68 751.959 714.881 656.391 943.839 620.095 514.994 503.772 395.972 626.423 496.835 390.277 1323.4 516.672
threshold=-1.3309671438711648 -2.0188790816569946 -1.7314320914274897 1.6259699841161153 -0.50631130853199835 0.84629380180493652 1.1909403423463003 2.5000400652861701 0.56534549977352155 1.6192629942331453 -0.27272230779187295 1.2755770861303801 0.95884019145639166 33.785000000000004 0.29279904027869402 -0.52097827046663236 0.40965490000336652 -1.179567180341375 -0.38850010453472694
decision_type=2 2 2 2 2 2 2 2 2 2 2 2 2 2 2 2 2 2 2
left_child=-1 -2 -3 4 7 6 8 10 11 -10 -4 13 -11 15 -15 -6 17 -12 -18
right_child=1 2 3 -5 5 -7 -8 -9 9 12 16 -13 -14 14 -16 -17 18 -19 -20
leaf_value=-0.011759656488830671 0.019871196367684665 -0.012491484032914892 -0.011566626454036699 -0.013396882476019579 -0.010907722569801062 -0.012231738250613064 -0.011479930706218246 0.040478478811245208 -0.011282096974105161 0.022232892044794176 0.026042783967784696 -0.011190685976686992 -0.014104659428554562 -0.011332564474129626 0.025110356368438447 0.032836751065939654 0.037005291026040339 -0.011894366988922869 0.025694769015684654
leaf_weight=134.06423355906736 38832.005349986139 60.802200189442374 41.815179232507944 43.596892172703519 26.585485129849985 80.369382392265834 60.157459696289152 429.902252734988 103.03154555207584 873.55872041697148 1107.0663029009011 34.903196366969496 39.894897539285012 49.00016252999194 1261.0208574419376 1110.0003846150357 687.16979950678069 100.28102422889788 979.66753142827656
leaf_count=28242 3885 4846 13260 3515 8626 9382 9749 374 25706 2192 9526 6221 1633 13609 7095 14611 1746 13424 4798
internal_value=0.0205576 0.0206519 0.0249286 0.0252524 0.0254936 0.0227841 0.0235751 0.0284401 0.0241779 0.0174096 0.0266653 0.0269504 0.0206459 0.0274945 0.0237472 0.0318135 0.0272215 0.0228918 0.0303576
internal_weight=46054.9 45920.8 7088.82 7028.02 6984.42 3638.52 3558.15 3345.9 3498 1016.49 2916 2481.51 913.454 2446.61 1310.02 1136.59 2874.18 1207.35 1666.84
internal_count=182440 154198 150313 145467 141952 98824 89442 43128 79693 29531 42754 50162 3825 43941 20704 23237 29494 22950 6544
is_linear=0
shrinkage=0.01


Tree=28
num_leaves=20
num_cat=0
split_feature=4 12 8 18 24 11 16 13 24 8 26 8 27 26 2 3 25 4 26
split_gain=1339.24 915.59 1200.18 751.861 657.82 506.355 471.634 840.709 776.159 710.042 663.241 531.282 491.291 408.682 518.585 377.533 352.392 315.982 870.929
threshold=-1.3309671438711648 -0.86914814357318892 0.72806899366895605 -0.94905860726556546 -1.0526588374483947 -1.7314320914274897 -0.38070862809878642 0.28207783923301255 0.66405408725692416 -0.11584198120440649 0.48593616946900303 0.34913971315016706 -0.50461978644478644 0.27966985226879909 0.55193844816177562 1.2303379405332351 0.56079536527413254 0.9110169280669026 -0.11793130541578699
decision_type=2 2 2 2 2 2 2 2 2 2 2 2 2 2 2 2 2 2 2
left_child=-1 -2 3 -3 -5 -6 7 8 9 16 11 12 -8 15 -15 17 -7 18 -14
right_child=1 2 -4 4 5 6 10 -9 -10 -11 -12 -13 13 14 -16 -17 -18 -19 -20
leaf_value=-0.01175782507199866 0.019634931033996387 -0.011904034127668486 -0.01176782222097077 -0.012489362676388621 -0.012648540941677758 0.025729973018504337 -0.013134841393474983 -0.011872536937960707 0.041656363062919873 -0.011361392957906639 -0.011666847174436673 -0.011913308062893422 0.028263046737730585 -0.011488471751007787 0.033368858418413118 -0.011312140962828027 0.039362302757977925 0.021124704616553178 -0.010576159680973052
leaf_weight=130.89068256807514 37407.733765588724 58.174443737370893 95.519109852844849 48.580132506904192 36.646446095313877 1375.97788260784 36.040558587643318 50.124984950758517 422.95343676453922 48.165505198179744 54.628748983843252 42.34387579781469 1478.785556534538 26.922584865125827 603.20129496976733 32.124771566712297 219.92888914234936 2853.6187935841735 60.081096076988615
leaf_count=28069 18238 12028 13835 5725 2611 4761 1405 9313 2227 8641 11302 7939 10317 3263 1456 7956 909 11283 20923
internal_value=0.0201828 0.0202758 0.0234539 0.0239056 0.0241875 0.0244302 0.0246162 0.0285937 0.029575 0.0264669 0.022993 0.0233618 0.0236552 0.0239175 0.0314523 0.0228445 0.0276086 0.0230943 0.0267467
internal_weight=45082.4 44951.6 7543.82 7448.3 7390.12 7341.54 7304.9 2117.15 2067.03 1644.07 5187.75 5133.12 5090.77 5054.73 630.124 4424.61 1595.91 4392.49 1538.87
internal_count=182201 154132 135894 122059 110031 104306 101695 25851 16538 14311 75844 64542 56603 55198 4719 50479 5670 42523 31240
is_linear=0
shrinkage=0.01


end of trees

feature_importances:
V4=66
V14=40
V26=32
V8=29
V10=25
V12=24
V18=24
V11=22
V13=21
V24=20
Amount=18
V2=17
V7=17
V17=17
V27=17
Time=16
V9=16
V28=16
V3=15
V20=14
V15=13
V16=12
V1=10
V6=10
V23=9
V19=8
V22=8
V25=8
V5=4
V21=3

parameters:
[boosting: gbdt]
[objective: binary]
[metric: auc]
[tree_learner: serial]
[device_type: cpu]
[data_sample_strategy: bagging]
[data: ]
[valid: ]
[num_iterations: 1000]
[learning_rate: 0.01]
[num_leaves: 20]
[num_threads: -1]
[seed: 42]
[deterministic: 0]
[force_col_wise: 0]
[force_row_wise: 0]
[histogram_pool_size: -1]
[max_depth: -1]
[min_data_in_leaf: 20]
[min_sum_hessian_in_leaf: 0.001]
[bagging_fraction: 0.8]
[pos_bagging_fraction: 1]
[neg_bagging_fraction: 1]
[bagging_freq: 1]
[bagging_seed: 400]
[bagging_by_query: 0]
[feature_fraction: 0.8]
[feature_fraction_bynode: 1]
[feature_fraction_seed: 30056]
[extra_trees: 0]
[extra_seed: 12879]
[early_stopping_round: 0]
[early_stopping_min_delta: 0]
[first_metric_only: 0]
[max_delta_step: 0]
[lambda_l1: 0]
[lambda_l2: 0]
[linear_lambda: 0]
[min_gain_to_split: 0]
[drop_rate: 0.1]
[max_drop: 50]
[skip_drop: 0.5]
[xgboost_dart_mode: 0]
[uniform_drop: 0]
[drop_seed: 17869]
[top_rate: 0.2]
[other_rate: 0.1]
[min_data_per_group: 100]
[max_cat_threshold: 32]
[cat_l2: 10]
[cat_smooth: 10]
[max_cat_to_onehot: 4]
[top_k: 20]
[monotone_constraints: ]
[monotone_constraints_method: basic]
[monotone_penalty: 0]
[feature_contri: ]
[forcedsplits_filename: ]
[refit_decay_rate: 0.9]
[cegb_tradeoff: 1]
[cegb_penalty_split: 0]
[cegb_penalty_feature_lazy: ]
[cegb_penalty_feature_coupled: ]
[path_smooth: 0]
[interaction_constraints: ]
[verbosity: -1]
[saved_feature_importance_type: 0]
[use_quantized_grad: 0]
[num_grad_quant_bins: 4]
[quant_train_renew_leaf: 0]
[stochastic_rounding: 1]
[linear_tree: 0]
[max_bin: 255]
[max_bin_by_feature: ]
[min_data_in_bin: 3]
[bin_construct_sample_cnt: 200000]
[data_random_seed: 175]
[is_enable_sparse: 1]
[enable_bundle: 1]
[use_missing: 1]
[zero_as_missing: 0]
[feature_pre_filter: 1]
[pre_partition: 0]
[two_round: 0]
[header: 0]
[label_column: ]
[weight_column: ]
[group_column: ]
[ignore_column: ]
[categorical_feature: ]
[forcedbins_filename: ]
[precise_float_parser: 0]
[parser_config_file: ]
[objective_seed: 16083]
[num_class: 1]
[is_unbalance: 0]
[scale_pos_weight: 577.88]
[sigmoid: 1]
[boost_from_average: 1]
[reg_sqrt: 0]
[alpha: 0.9]
[fair_c: 1]
[poisson_max_delta_step: 0.7]
[tweedie_variance_power: 1.5]
[lambdarank_truncation_level: 30]
[lambdarank_norm: 1]
[label_gain: ]
[lambdarank_position_bias_regularization: 0]
[eval_at: ]
[multi_error_top_k: 1]
[auc_mu_weights: ]
[num_machines: 1]
[local_listen_port: 12400]
[time_out: 120]
[machine_list_filename: ]
[machines: ]
[gpu_platform_id: -1]
[gpu_device_id: -1]
[gpu_use_dp: 0]
[num_gpu: 1]

end of parameters

pandas_categorical:[]
